[General]
DownConversion=0
DetectionZoneStart=0.16070988774299622
DetectionZoneEnd=4.102324962615967
DetectionZoneStep=0.05144032835
