[General]
DownConversion=0
DetectionZoneStart=0.2121502161026001
DetectionZoneEnd=2.199032783508301
DetectionZoneStep=0.05144032835
