[General]
DownConversion=0
DetectionZoneStart=0.263590544462204
DetectionZoneEnd=2.199032783508301
DetectionZoneStep=0.05144032835
