[General]
DownConversion=0
DetectionZoneStart=0.263590544462204
DetectionZoneEnd=3.2792797088623047
DetectionZoneStep=0.05144032835
