[General]
DownConversion=0
DetectionZoneStart=-0.04505142942070961
DetectionZoneEnd=3.4850411415100098
DetectionZoneStep=0.05144032835
