[General]
DownConversion=0
DetectionZoneStart=0.2121502161026001
DetectionZoneEnd=3.022078037261963
DetectionZoneStep=0.05144032835
