[General]
DownConversion=0
DetectionZoneStart=0.2121502161026001
DetectionZoneEnd=4.102324962615967
DetectionZoneStep=0.05144032835
